2020
8905
1698
17971
6207
22643
4977
17656
8940
11508
7893
10327
37687
15000
4166
9056
19842
15598
33745
22168
19000
31668
33512
28522
5824
18327
31845
30015
2171
36161
15984
16903
37789
28958
40944
18498
40057
15272
28968
30487
32271
36889
21564
31000
42915
19377
19634
26313
43049
30396
38277
72272
3800
21218
29250
48648
29216
44944
49125
33065
32524
38139
62940
51326
54126
4100
45540
26235
46505
34420
15972
41218
43382
15879
13500
77809
25708
29000
58006
51071
63249
58526
66325
49489
32800
67000
60499
63260
60449
27422
60583
83500
56314
67072
62500
47603
51936
65195
64473
85475